UŻYTO MNIEJSZĄ SIEĆ: PO 64 NEURONY, NIE 128!!! Oczekiwana nagroda: 0.4?

Best trial:
  Value:  0.4
  Params: 
    BATCH_SIZE: 180
    EPS_DECAY: 1388
    EPS_END: 0.0017294294096171072
    EPS_START: 0.8120494387504279
    GAMMA: 0.0012159227731809933
    LR: 0.00037409111879577785
    TAU: 0.009172080198594165
    optimizer: Adam